$ANSIBLE_VAULT;1.1;AES256
35353066363134323833633566656264393936623833383833386561303337333936363864373330
3737663164396338303161626536623334323533663835620a633535393839303264373662623331
33343930373963396437363535623638666661666632623939613466623234333338363538653361
3466656339656664360a383131376532633230373462636232643734323963306164346132646466
33633635636335353365363463376366306661373064346131643633386333623966383666326266
35386666663438383535323836383337636631343463626161336161323738306464373338333435
62663931616161353966663933333230616531613030303835353332336436386336643331376464
64636662653331333136393265323266373762303035623730613261363138653733613437353966
34363261396531643830653436373431393563313733333337326230643263633538373830316632
35616335383865666566636330666133663939343066366564313139356534653436613232326362
61623132666663396133346635376139393966626165636562666130316361333366383332313733
30373164616237613665363339636134313030636461613161653466656132313235656564623063
35363238633361643436386363343961353461306630633031613266376535336663396532313736
37663362386466366335313433386434616163336633303361373138356136643737646634346264
38666633346265386532373161353639646536623932323337383762346532353436343037363765
65353766613865343031366232373335623864386262366166353662643936626430373763363630
63303634393466346435366165396661316561636462336431613062316565353262353233383735
33663730353565373235336335356335393862373732336264636539646530373835376461353235
32343539623662626466636534353231313639613333336337313565343034653264353761393036
66366236343062383433373366623764373065326535633537326231363231326462366339636338
35333461663364393534383230396533386230613437303531646161353038316233663732613161
65383030656633636139386536356138626332363536316435613731613636313537396439376435
62626236616432613632666131333761633762663066666538616539643333303066363633326439
63356232616431326334636461366535376665396535653736383466363366396466653937373137
63666130643737643865666433333366346637303934653938633961386466623736303561313137
35383133653464666166393736663635306462643238343234393732383063303331633734343435
63633761656637373736383431643663356566626139333561386437313363336464376132373361
65373734623261353466313131623732353632333838383462303333623536616339326532633465
36633261386165353732366465316630346332363936386566336462316131323938303136346539
36333338653137303131373633353065363634353934383866323438306237633663373535336637
36356361316433653037326433363735323138633431386263373261653766656335313637633330
30646136396534313936326266393939613636383639636335396434656130376633656634313564
33613031303133643133353763313534316662353634613039383235356161373333653632366165
39653130633135363733633866316235356631643634303634643836323135663261363532616464
34346131366631616238346361633639383066323962306661653962653338636265363235643435
31333138393931396132323838306635643631653932353639616536346239353533383130653539
66343439386666383966623335333466623063363138303735363137336230333735643539323931
34326531316630396635623439626666653562323131313538333662623139313733336232366264
65383862643333383430383934653662333130376361626262653637616536653130363761363866
36343231613634666131316334666632656462643632363434663437633930386130363665633134
64303733333431343535633937376634303762383663343737616132633639393038306239333138
61656238623662346634343235623062653838316563333636653265336537303262303463396464
30336434303831346364323764623537653061653031343261393735386530376164323433396532
63313437343737626266363432636536306332623633343035653361333561633335663064326137
33653933643430313930356435386362376437616366303232326563306136643333646237613163
30366366633532323436386433393562373730316339633737353666313238376630363738646236
38633731383366333332656461383239316663343363363833656432313236333862396231336531
33383661376165353838643063643630663661383532643039383462373966656234616132633139
34393262616536376464323235623635313432646132306431643061303137626231313334323034
66666234373639323036326437363166366138636433393532353638656439313764656566616539
33323061633638323261613863613137323137306539383762386238346337653936336562343736
35356166393837353238323436346434396434663437306632646632373962363830363064353964
37383534363736383639326564623530303032613932316433323735373931363266346130653264
61323133373133366436336539373438613438353934373638306161303838646631643262306664
65623065366464376266323664376233643761343133373138363361336161383832623365373665
30633739663263383765353863376633323738356262303961363538386231393564643334613536
63363564373532303365636134613733323230633662303132303037363464386634303637666364
35326339383363626164303438643364633665356134623466393031646166663436313765343831
39616233653038383538373066303666336535643736643664386465333431646130313265326332
62313862653930363366353661386564666432313061666162383532323533663030636662656438
64633837353939393137306434366431366333376537316133643330313963656264636334363263
34336361313732353338613438303531346235313361353361643861333931623038396238326562
32356336373238316634353631306630333766386533653261343237656235383036303237363233
62616438336564623564313833363866303739323462306533653433656465643433613630376661
32353934613336383633393564386464623535356534323466653033636161613735356438363935
36666137623565363135363732626633663833343165663339306334336666303433656539363231
39346631656433626238326330356262656436396136383664383264353864643335303730633437
62663037343763373537346535396463343665393038363165313535383263623437323931313038
65303436333235303566313932656138666361613762356266396532346464616434353336383137
34636638356263386337376337336533643565363235363166346263373965653662633734656638
33383935643232376366333430393061643064363038353230333961653866613735383566376664
30666136363061376133383666353564613664396234376566313963323630646562613238666431
32613566376333623630383930303161666630323735346331323365313765643864353535303437
66356633656466623535346434616237633839643961353035303935356330393131303733366234
63383333343265623432393066306361356165663035336665666331363065653764366566326634
32633434383039323031336238653637313931613532633136326338636530356131383037666331
64356335653438336666303966613766393230663934386539613337366163633565363262353832
37383932653866376633386133633065333538303233663832366432633031346138346335646230
63363935303265636264666532326538366561666361646434376565336532386231383264323135
66313661373437326166306232323935343632333463343237393764616233303966333530386631
38623238333962326632383161373731653664653334316235613235623237666434323964306132
30333335396437613162326634616164643533353063643438363432356661326633663638326639
30616433366638393533313835336132333761636366323562653033373838643361656561383738
37653261663561623438363364393063613330653762383962386334613535313832326631333266
39343963623264653361373666626436326265333939663534326231346364353736313930646331
62653461383730333031643137653261623262383137333662643565396139376161323639306234
34346130373031633365373532656163353039333236383666643736623466343239663333346339
39313533313761346233353566306166616635346138316335373133313361333363393530326437
32343239373064613463646633346538303639376532643861653762306431623938643861393762
32363766363935363465333462353365623838336265636331306165363233363635643165613836
63663138303162613230376135633564373033336436656539613338366433363533393063366136
36656137663135393131643833643432323037613963373937376239333931366362626235646537
39313637366263386132636632386337316164643533353066336433393361323833306331623064
33613563316366656662663830666263343331663364636137336130333933626439666632663731
65396564393361346162353937613736646431306333323736383366323561353437656463323462
35623662363137643761366635316635363331643063623736653937646230613864653434313134
66383032343031323331366338346562396532366162656238613430323063306464323532356362
31386638643039373434316165623363613465346332333865306637613936353938666331376635
62633363643537376631363937386165346331663637333339656462323065653264353331653138
62613830396239373837306539626364353437386564343364643861353064313262623634656161
64343462393234363064636231366235383331316131336135336564346330623761643465343933
61666232376163306633653832613532363165623765616135633730346533353831666464643231
61343030653338643235356233393231356564636630363861633838656334653639666433353137
64623661353762343834623363363635363764643864316237313833646139346265653939613163
31313738333766346630363065633839613935363632363636316261366538396161353632323336
63333262643839333266316130626266353836326438343864626532373837393435656433383739
35303533636431373834633737383165336261666365653033613832343839356238353835326136
32346530316133396563663865623562383335636234366363373863366461666139366661613766
63656264663966383366383866653862303163333361303264653936363665626637333830316361
30323230393965636361396666643035373962636535346131366136333966613137643261643732
37393862366636313762666365353862666430653138383530356663313834306631616230303730
39383165373261303861343039666663363261336538303166663466323939613234633466366536
66343435623832326261663831326432383835326332383738653033633235636465663437626232
64386330353336616335626464653365353133643966333935373066346461336535396566386230
35313135396433663835323536373464393765613537613036646465306436613836353464343462
32356239643533333330663930626534356137373836386635613032656164396437323137386238
33366636396664623762376630386361363166633065626665663766396563356434356433653762
30376536336238363461613435333562336135313166353630653466623666316135316431353639
34613530343861623539363361313033356633396266643039666638393839633936386564333030
38646433363064396538303531376462626431316134656466666231343964346431313961393632
65346137646430363165353632363361633437343938376330656661623366656336653837316333
33396138656566323563636463363637636266346564636438373765653133383932613435366438
30353334626436383530313339663262353964613933376561656332396662626131613536323137
62656338303131353537326665653737653936396431393561646433383833336266393364376163
30326366323031393764346235626230346133653163623365656161646265343035656334376561
66383834396238636339616366663637383761373061613539646531316461373038623930306362
64663438386531636131623836336464373731336431666161323533396361393838346430623334
64343030636661653136386234343435663232343533323834653232396366356538643233333638
62396461623939376138663636623334616666373130333561663237363236626662313264396132
39646166303937356237396466326464306434646436346263366330643430633330313533393138
38643433633363663064376434653030353039303339303066613637653065653537646230383166
34646562626661646634626531343135383263386464343034366334303066313938653333356336
33306666333339306231623961353135333932613462663161636436363764323635336433656263
35653466633136343262303539393061376566373834323362636563313032306530633763306437
34626534616134343130373464346133323062336666653630346164666634313265326230656338
39633065353339363965386163343838333335366361666633306235363266366632326330313961
64626438663063363530396137333032353734633332636434666463313937643765643035626562
65616532373666336539623632336636303364613939383036393831666332663836363464316564
39373862613537393264653632663132323661333336386539363138353038393937346635383639
38313866323264616433333664353165373764636339326332353465343031313762633165396434
34346364393565663931363261633564643131316130643236353366623539396565363262636131
66643965653261656666353833393564323164323664643163666337626436323737313765333165
30646430626230336233306361356233356639643832356364646632336263373436326561383035
36633666643565613737623134353534373263323062386662633038663762326539626231363631
38653966633361643434636233643732373831656464313264383730353963623561366663656666
30333564653061313334356431303666333864643065383336313739656165333531386662656432
63353264373538623239383262656233373637386339323433343938623861633561333663666230
39323666653633636534643531343334323631313062663539373166303762333833626536353236
35643532636363613265666666656434366237386633363462386333333934343766653739643731
61613930356133396539393564333765383330613132383635626636636162373062306664613133
61343963363633393264313164393662623336393437303436383534333033626230323132346335
63323465663936313030316133366339333965656637383363366637303630353066383065323833
35643930393161323434336265343733636230626535393939306631613234396137363465326161
32643839366433323636613765353730353230333239306433386536653966663963396530663038
36663531303530336666343330373165336264343935323032643666323635646437623962386435
64333364303831326266353161623138336630336239626461316134613833376634373463663839
66373264643032303762343637636539346166656163623565633565646333643066366665393463
38646133663639366161313965396437366432343836626666666566616266373864383039383563
66663764343935303164323064313230383962346630306261356566633437333336396361656436
30303138336334386464616362636162353461666161313535633266393232623231333037333036
63396637383838323766626165646434373631386361656365323265376665633933653562646161
34303634656466373635393864313339323239313033653234313938323734306135666634356365
65613239613566633737353331356461343831663064306537646365346636353730343461613339
32613434633765666461646233313063653938656138633663333038613761656330393263346464
39643630333135643062623637653330613535356561333664633431346661383462636130396135
31353666653530336630636430623238643735363935383034303137336638316431666333313634
36376634316539373735383035653333383336373961316239653837613930323332376435656336
32316631636131313266636631323465386236373532633439373235333638373936663663316565
63646164323738666331336438363931346231306535373836326439363431313166386633343630
63333930393835613435336661653164356436643337383364396266613463363431373334333539
63313163366139623239653865383838323637353133653939376461313061633365666230633435
38303063346264303461353139386263333861313030653166353764333135363565646139373739
61396132656233333933316338363630353033616238616461633831346165643839303237393136
66613066313162343230616337316639613635656463366333303864353630626366663731636266
32653032633262666661663864306338313233323639313833613737376165623635343035376262
34313035626466303464
